
	          344	      117.088	      130.925	      129.152	      110.253	       87.317	      98.4071	      94.3248	      95.7336	     0.867152	 9502.881350
	      867.381	        110.3	      157.677	      72.5345	      115.168	      94.4183	      137.613	      207.022	      83.3025	     0.532766	       8517.73
	      1031.84	      111.901	      151.952	      64.1599	      37.0647	      66.4935	      99.1466	      83.4132	      97.3402	     0.509127	       8516.53
	      352.358	      124.925	      153.096	      188.584	      41.4153	      57.1891	      92.2604	      79.0239	      310.148	     0.170749	       8021.78
	      341.852	      114.331	       162.86	      262.369	      61.0003	      54.2772	      87.3229	       182.58	      209.577	     0.108701	       8021.62
	      417.298	       119.13	      157.547	      241.209	        48.74	      30.6085	      48.9482	      269.301	      126.616	    0.0921433	       8023.71
	      365.674	       118.89	      158.307	      117.539	      73.0522	      64.5152	      79.0335	       119.23	      20.6144	    0.0314769	       8020.05
	      471.549	      112.977	      164.197	      107.036	      259.484	      84.4726	       71.161	       119.29	      4.28195	    0.0642902	       8019.32
	      483.442	      113.253	      163.947	      119.574	      135.882	      13.1064	      59.1593	      72.8153	      79.8292	    0.0345298	       8016.74
	      470.253	      120.706	        154.4	      169.887	      51.2755	      17.0072	      36.3734	      77.0837	      193.642	    0.0232867	       8020.01
	      469.355	      129.869	      146.898	      130.547	      483.324	      42.9985	      65.6113	       3.0306	      9.09729	     0.154458	       8025.16
	      351.625	       124.29	      153.877	      195.309	       187.97	      154.159	        165.4	      69.4993	      44.5292	     0.400972	       8022.72
	      444.518	      123.495	       153.56	      179.653	      149.493	      104.013	      237.384	      62.7771	      69.2456	     0.184911	       8021.36
	       355.41	      126.429	      150.948	      235.637	      83.5394	      365.966	      21.3455	      220.123	      9.25344	    0.0500524	       8025.57
	      363.197	       122.19	       156.16	      159.178	      143.318	      72.6707	      130.929	      206.427	      163.793	     0.198427	       8022.85
	      357.942	      131.377	      150.038	      76.1549	      119.402	       93.624	      199.866	      100.783	       126.28	     0.436288	       8023.38
	       343.92	      132.972	      147.056	       38.507	      122.629	      77.0212	       53.847	      92.1579	      169.907	     0.129351	        8019.8
	      449.234	      117.668	      157.887	      203.055	      118.897	      25.0436	      39.4601	      59.6722	      84.1646	     0.135034	        8019.1
	      383.098	      119.384	      159.122	      94.9179	      70.8242	      64.0565	      73.1294	      108.832	      59.9506	    0.0842832	        8018.8
	      334.454	      113.676	      165.791	      45.8471	      85.6916	      208.934	      99.0955	      43.0903	      214.483	    0.0466681	       8020.18
	      364.354	      112.172	       167.91	      41.0836	      87.0528	      99.8804	       151.24	      29.9216	      3.24461	     0.113478	       8018.47
	      358.728	      112.142	      168.449	      31.8764	      123.355	       60.498	      77.7065	      20.2867	      10.4036	     0.164976	       7524.62
	      453.984	      111.773	      164.625	      29.2626	      107.772	      48.5278	      21.9691	      103.549	      19.1606	   0.00382763	       7525.14
	      505.012	      109.305	      168.805	      14.6108	      27.7019	      112.342	      38.7351	      112.884	      34.5214	     0.165217	       7526.08
	      455.614	      110.381	       166.54	      26.1826	      42.6403	      127.145	      35.5778	      57.5317	      35.7994	     0.197148	       7524.98
	      472.437	      120.277	      159.759	      56.7418	      76.2289	      32.8943	      56.7498	      25.6332	      87.5844	   0.00489092	       7525.02
	      460.923	      113.743	      165.911	      40.1951	      99.7333	      21.0801	      57.7638	      34.2078	      87.3225	     0.033497	       7524.27
	      423.581	      114.159	      163.929	      39.1741	      107.996	      10.8743	      42.3796	       34.451	      87.4815	     0.186507	       7526.61
	      479.732	      117.795	      163.424	      42.4769	      106.822	      21.4336	       33.261	      46.3103	        83.31	     0.181658	        7527.3
	      456.347	      107.442	      171.139	      31.0189	      43.6225	      45.6611	      71.2816	      36.7822	      91.1728	     0.182148	       7524.53
	      467.986	        107.5	      171.418	      49.2445	      93.1145	      35.2363	      78.2934	      27.7494	      36.3269	     0.249055	       7524.49
	      467.318	      109.665	      170.399	      52.3876	      99.0073	      42.4161	      31.5904	      42.7823	      60.1978	   0.00134706	        7523.4
	      498.644	      127.166	      150.761	      32.4599	      72.1977	      38.8081	       73.263	      74.1778	      41.6541	     0.232173	       7526.42
	      440.182	      125.165	       149.59	      49.6354	      68.0285	      21.7305	      13.1692	      57.4302	      118.144	    0.0392708	       7528.24
	      461.446	      128.819	      150.287	      86.9306	      70.7391	      15.8654	      21.5062	      29.4843	      96.5555	     0.185187	       7526.16
	      457.034	      104.464	      175.742	      64.6392	      90.1197	      10.5972	      37.3402	      62.3576	      72.6985	     0.130873	       7527.78
	      484.584	      118.986	      159.341	      51.3379	      139.569	      8.75784	      13.6034	      36.5258	      80.1749	     0.109847	       7524.73
	      486.336	        120.2	      159.349	      25.2138	      141.453	      6.47629	      13.6034	      50.7021	      83.1716	    0.0300117	       7525.73
	      458.676	      111.878	      165.402	      20.0129	      41.6282	      33.2841	      146.881	       21.863	      66.0379	     0.160551	       7524.75
	      465.509	      115.178	      162.648	      4.47946	      8.21708	       39.639	      167.774	       23.911	      76.6161	    0.0430843	       7525.42
	      473.816	      116.896	      162.727	      37.9112	      8.67181	      10.2135	      168.277	      83.4341	      26.6988	   0.00998518	       7525.52
	      377.096	      108.657	      173.776	      48.5151	      22.2319	      22.6436	      181.504	      41.2107	      6.77368	    0.0447271	       7527.01
	      501.383	      109.659	        168.3	      48.2429	      14.7535	      50.8674	      193.127	      24.9597	      4.99103	    0.0223157	       7524.86
	      453.533	      108.326	       168.49	      65.2962	      13.1705	      25.3708	      100.789	      12.1261	      108.005	    0.0175433	       7526.36
	      502.159	      106.168	      172.203	      80.0405	       43.729	      12.5335	      72.3856	      38.9568	      80.8788	     0.134255	        7525.7
	      331.117	       129.69	      149.885	      89.2993	      32.5213	      19.7317	      93.5391	      28.2433	      63.3817	     0.136483	       7527.25
	      466.291	       108.15	      171.394	      53.9703	      40.3091	      40.0861	      155.245	      31.1644	      15.7496	     0.111821	       7523.91
	      446.067	      108.238	      171.394	      15.7343	      12.0025	      46.1098	      191.201	      40.3758	      27.0268	    0.0695465	       7524.55
	      396.819	      111.107	      171.394	      12.0897	      17.8613	      90.7133	      112.331	      29.2004	      62.0947	    0.0893149	       7527.54
	      456.581	      111.323	      166.643	      24.6927	      50.4659	        37.47	      105.796	      26.8743	      71.5084	    0.0250186	       7524.06
	      472.555	      107.685	      171.898	      13.1812	      32.3183	      41.1068	      134.025	      32.4219	       86.459	    0.0643924	       7524.06
	      454.133	      110.298	      168.808	      6.31436	      51.2414	       64.665	      166.594	      19.9641	      15.0817	    0.0314573	        7524.2
	      498.412	      110.171	      168.776	      35.4271	      44.8294	      67.7795	      121.246	      26.3672	      27.3921	      0.33322	       7524.54
	      497.216	      111.872	      164.836	      38.4077	       60.021	      93.5095	      66.6648	      54.1777	      29.0189	     0.408471	       7524.78
	      494.258	      116.886	      159.903	      37.2277	      52.3881	      102.631	      41.9361	      58.2592	      30.3336	     0.177957	       7524.16
	      486.259	      122.834	      153.925	       50.836	       32.511	      88.8678	      44.7673	      88.1797	        19.45	      0.11032	       7524.58
	      516.179	      111.548	      165.975	      54.2549	      52.2562	      99.6496	      43.0547	      68.7298	       20.451	    0.0121673	       7527.37
	      458.967	      107.441	      172.555	      12.1634	      89.2085	      82.0583	      43.7237	      87.7284	       18.307	    0.0479993	       7524.12
	      456.528	      108.712	      169.516	      9.96975	       92.424	      93.4246	      43.7035	      80.3445	      8.31188	    0.0194138	       7524.45
	      492.326	      108.468	      169.057	      39.5039	      82.8202	      51.1627	      43.7046	      96.8231	      8.77037	     0.102949	       7523.34
	      468.034	      122.494	      155.098	      29.8952	      63.7367	      74.6049	       43.703	      105.313	      6.69782	     0.148568	          7525
	      453.549	      133.038	      143.637	      32.9773	      45.8862	      48.6453	      43.7116	      154.659	      3.61417	     0.152947	       7528.81
	      338.812	      126.402	      153.281	      27.8382	      29.2831	      43.0198	      34.5336	      184.646	      12.6782	     0.121374	       7526.69
	       424.72	      123.577	      154.464	      35.0593	      33.2765	      47.5656	      47.7762	      120.911	      58.5526	     0.187596	       7527.17
	      471.165	      123.417	      153.805	      113.392	      59.4162	      92.0133	      56.7772	      7.70137	       13.552	    0.0393513	       7525.84
	      474.533	      118.178	      157.644	      142.822	      21.9973	      64.4586	      12.5866	       10.811	       88.734	    0.0331637	       7525.19
	      461.687	      121.247	      154.975	      114.808	      20.9562	      48.0552	      25.4734	      28.0005	      86.6828	      0.13578	       7525.25
	      479.504	      125.478	      151.484	      89.3527	      14.0682	      38.2751	      20.8345	      68.6902	      105.369	      0.26865	        7527.7
	      325.101	      117.463	      160.547	      92.2906	      3.53565	      10.8674	       30.185	      90.2243	      119.041	    0.0216187	       7529.03
	      439.397	      119.751	      158.114	      52.1401	      2.72351	      24.8096	      24.5387	      40.3864	      189.219	    0.0331913	       7525.79
	      489.032	      121.244	      153.657	      50.3258	      8.96155	      29.0723	      21.7791	      27.4324	      186.469	   0.00371757	       7528.06
	      363.342	      119.046	      160.906	      80.3382	      20.4948	      71.7406	      34.2681	      16.6097	      117.567	    0.0209569	       7525.25
	      357.318	      118.414	      163.121	      39.3933	      37.6271	      67.6762	      110.642	      22.9778	      56.4366	    0.0332764	       7524.44
	      321.304	      120.435	      159.963	       100.69	      7.47869	      25.9682	      165.577	      16.1482	      12.6732	    0.0158488	       7525.94
	      353.015	       123.89	      155.653	      159.943	      31.4197	      51.0902	      79.0171	      13.7566	      7.39953	     0.103891	       7525.82
	      337.522	      123.805	      155.505	       98.034	      49.1076	      98.7612	      56.3409	      21.5104	      5.65896	     0.101183	       7524.96
	      387.056	      125.783	      152.382	      69.3361	      61.1923	      128.779	      54.0223	      23.0457	      10.7052	     0.214225	       7529.61
	      433.654	      130.126	      149.564	      73.2999	      76.2644	      71.7505	      50.7548	      36.7891	      14.6421	     0.292662	       7525.98
	      466.589	      130.126	      147.501	      103.377	      120.087	      42.9331	        53.32	      6.44918	      6.26818	    0.0434666	       7525.83
	       457.74	      130.126	      147.493	      102.088	      105.758	       73.578	      28.1085	      12.8845	      7.67737	     0.139506	       7525.92
	      499.204	      119.537	      157.976	      102.144	      118.904	      29.5016	      25.8087	      12.4536	      47.0499	    0.0454187	        7524.7
	      476.101	      116.634	      158.893	       100.58	        99.77	      14.6245	      32.1565	      49.6534	      27.2935	     0.139174	       7525.23
	      455.319	       114.05	        163.5	      74.4778	      67.2991	      8.70323	      34.1443	      81.9372	      73.9451	     0.244205	       7525.48
	      342.866	      116.792	      166.142	      29.8423	      64.8943	      22.2155	      43.6231	      71.9171	      90.9652	     0.163515	       7524.66
	      358.903	      115.239	      164.429	      50.5941	      50.2645	      38.2454	       28.095	      71.6305	      75.6802	     0.095918	       7525.42
	      361.327	      113.832	      166.698	      66.6252	      25.6806	      48.5144	       33.673	      67.3295	      93.4413	     0.174105	       7523.83
	      462.219	      111.893	      166.566	      45.5492	      44.4996	      106.199	      20.4755	      79.0875	      43.1767	     0.129199	       7523.38
	      427.994	      110.544	       166.09	       70.566	      25.5897	      128.117	      30.4115	      41.3041	      46.7806	     0.114638	       7527.72
	      466.697	      112.222	      165.859	       107.58	       26.146	      72.7875	      43.5366	      61.2176	      20.6657	    0.0994779	       7522.73
	      464.114	      112.924	      165.496	      78.6884	      24.8269	      25.2692	      48.8021	      108.385	      48.7456	     0.223433	       7523.21
	      457.339	      112.036	      165.012	      37.9756	      34.4017	      21.9031	       58.748	      110.685	      61.4795	     0.101418	       7523.87
	      340.138	      112.232	      167.199	      58.1333	      28.5439	      63.8091	      57.4122	      70.2029	      48.3513	      0.15438	       7523.79
	      404.061	      111.193	      167.464	      75.2394	      106.124	      73.0123	      29.9695	      14.0042	      32.6707	     0.122082	       7525.33
	      469.688	       110.88	      168.472	       22.797	      103.691	      86.5696	      56.5716	      47.4745	      9.85241	    0.0901509	        7523.4
	      442.357	       113.36	      167.297	      33.4819	      107.269	      80.3682	       50.196	       46.304	      19.3623	    0.0396492	       7524.54
	      492.965	      113.745	      163.125	      46.2552	      119.676	      93.6681	      45.3372	      6.66762	      27.4286	    0.0895406	        7524.1
	      488.284	      110.942	      166.536	      44.9017	      104.386	      70.7586	      81.9058	      15.1178	      24.0825	     0.317645	       7524.49
	      479.059	      113.063	      164.314	       57.921	      108.421	      27.6787	      88.2741	      25.0173	      28.2906	      0.26585	       7524.02
	      471.487	      109.389	      168.845	      10.9902	      59.8802	      85.2746	      40.2657	      39.6129	      91.9778	    0.0213573	       7522.69
	      489.387	      111.558	      165.716	      37.8289	      42.0434	      45.9719	      27.5303	      56.3093	      131.726	      0.14914	       7523.47
	      495.711	      109.439	       168.79	        17.47	      22.3883	      80.1586	      45.5707	      90.9213	      83.5409	    0.0149371	       7523.36
	      495.937	      109.649	      168.998	       6.2828	      25.3874	      98.5156	      42.1608	      78.8337	      78.9062	    0.0898285	       7523.69
	      451.011	      121.905	      158.073	      31.5109	      23.3522	      116.271	      47.8351	      40.2875	      69.2887	    0.0756657	       7525.47
	      478.922	      106.054	       173.03	      32.3116	      41.6092	      87.5496	      43.3514	      72.2119	      57.3833	     0.264485	        7524.4
	       488.43	      111.453	      167.718	      34.3915	      52.7262	      92.6965	      53.7912	      57.0316	      36.2054	     0.168469	       7523.09
	      480.634	      109.399	      169.477	      37.0795	      28.9303	      66.9233	      68.2226	      51.9342	      69.2056	     0.283665	       7523.13
	      501.067	      108.104	       169.98	      33.6616	      30.7479	      25.8626	      78.6155	      75.6492	      92.5786	    0.0604071	       7523.42
	      438.712	      106.564	      171.793	      43.1131	      32.3091	      30.8209	      92.4791	      66.4621	      58.7967	    0.0193315	       7525.75
	      501.365	      107.711	      171.335	      63.2442	      34.2767	      51.3062	      27.5066	      55.4063	       89.386	     0.346926	       7524.91
	      499.715	      106.175	      171.945	      69.9998	      34.4055	      50.1038	      23.8638	      55.1621	      83.4011	     0.213741	       7525.37
	      441.673	      107.977	      172.543	      37.7967	      34.3415	       76.434	      34.9316	      108.487	      41.1785	     0.179243	        7524.3
	      331.213	      111.117	      170.643	      23.5757	      37.1902	      76.5069	      18.6837	      52.4968	      126.145	     0.130514	       7524.01
	      488.975	      111.891	      164.562	      13.5022	      37.3097	      58.3758	      26.3572	      178.144	      7.76826	    0.0146365	       7525.24
	      491.537	      112.664	      166.479	      6.39001	      57.7353	      73.3462	      50.1732	      123.158	      28.9411	    0.0382149	       7524.55
	      435.451	      110.199	      168.775	      3.28959	      49.0133	      59.5958	      62.4663	      120.961	       31.804	    0.0347317	       7524.24
	      494.086	      109.861	      168.766	      23.3793	      53.5324	       92.028	      43.6932	      70.1054	      34.1181	    0.0240983	       7523.39
	       343.11	      109.003	      171.985	      30.0895	      57.9022	      97.2548	      67.6209	      38.7105	      15.3206	      0.22486	       7528.33
	      340.608	       110.59	      171.531	      44.3501	      40.0798	      58.8218	      62.1538	      124.401	      6.22042	     0.268513	       7524.58
	      339.985	       110.59	      171.531	      35.1046	      34.1461	      75.9484	      69.4094	      90.2853	      32.0142	    0.0173848	       7523.13
	      340.653	       110.59	      171.531	      45.5018	      43.8648	      40.4339	      63.4024	      61.1475	      82.3522	     0.104419	       7523.11
	      478.123	       114.46	      164.205	      46.2972	      51.6826	      44.4031	      30.6475	      114.192	      30.7901	  0.000788078	       7523.63
	      462.821	      115.056	      164.774	      14.8101	      83.0328	      58.3401	      36.7805	       90.449	      52.4689	    0.0777667	        7524.2
	      477.539	      112.758	      164.246	      33.5164	      36.0896	       19.123	      103.626	       96.138	      47.4641	     0.139249	       7523.87
	      475.165	      112.816	      163.192	       72.595	      28.7353	      42.5356	      98.6091	      59.7494	      26.5751	    0.0412245	       7523.75
	      466.123	      109.321	      166.718	      9.83294	      9.21738	      36.8048	      98.2894	      79.8606	      109.063	    0.0291799	       7527.78
	      495.005	      105.152	      174.596	      36.3554	      43.9977	      59.6691	      21.0316	      129.316	      39.0452	     0.070902	       7525.36
	      426.381	      106.489	       174.31	      12.2731	       46.695	      15.6605	      58.1807	       113.27	      86.6947	     0.132792	       7526.92
	       497.69	       108.01	      171.564	      44.2927	      40.8159	      68.5234	      79.4865	       16.708	       76.098	     0.132747	       7524.44
	       433.53	      108.799	      172.355	      29.6937	      25.7083	      79.5087	      70.4006	      105.006	       22.825	     0.033565	       7524.71
	      315.921	      108.368	      173.911	      29.6699	      72.3868	      79.1804	       33.018	      62.1595	      41.1978	      0.10063	       7528.03
	      342.831	      107.581	      173.627	      14.7591	      39.6509	       77.745	      54.0981	      89.1947	      57.3516	    0.0885977	       7525.73
	      462.155	      107.721	      170.143	      57.1686	       59.961	      40.4095	      27.8408	      57.6915	      81.3234	     0.251253	       7524.01
	      464.591	      110.579	      169.428	      51.1948	       52.933	       47.608	       29.619	      55.2631	       103.38	     0.331507	       7524.79
	      463.795	      111.733	        166.6	      69.7196	      31.3169	       19.777	      58.2003	       79.327	      85.9729	     0.066887	       7524.24
	       478.35	      108.634	       169.57	      75.7458	      21.3052	      38.7695	      22.4342	      77.8986	      99.5213	     0.135632	       7522.96
	      456.683	      106.633	      172.596	      100.302	      9.65294	      38.7695	      49.3925	      33.8945	      97.4287	     0.129415	       7525.29
	      434.479	      108.811	      172.596	      87.2907	      9.44403	      38.7695	      61.9194	      29.5998	      106.922	    0.0563587	       7526.42
	      432.467	      104.375	      178.195	       61.112	       17.506	      91.5195	      34.5536	      19.8798	      108.234	     0.052581	       7529.81
	      483.701	      104.911	      173.762	      82.5968	      10.4441	      112.177	      8.15537	      14.6678	      101.106	   0.00624434	       7526.63
	       499.63	      109.361	      168.704	      33.8025	      15.1081	      118.991	      7.46107	      38.9223	      111.054	    0.0235759	       7523.99
	      480.685	      109.361	      168.872	      9.02992	      33.8056	      79.6163	      23.0985	      31.1217	       144.84	     0.014051	       7523.39
	      456.637	      119.372	      159.206	      10.9732	      48.6865	      98.4875	      32.8382	      15.5348	      129.903	    0.0797633	       7525.36
	      469.397	      120.472	      157.639	       36.631	      15.6812	      98.4875	      33.2133	      11.2997	      133.448	     0.062234	       7524.94
	      495.864	      114.226	      162.968	      27.3337	       41.805	       88.697	       18.936	       19.439	      131.698	     0.062059	       7523.78
	       477.37	       114.39	      162.819	      39.2043	      49.4762	      127.204	      12.2921	      19.9207	      71.8959	    0.0607121	       7523.99
	      492.112	      118.272	      159.316	      22.2875	      8.39189	      161.736	       9.9006	      62.5334	      54.7699	   0.00495103	       7525.34
	      487.999	      118.707	      157.674	       31.494	      8.39189	      149.763	      26.7365	       73.757	      44.9447	    0.0229688	       7525.42
	      430.624	      109.006	      171.793	      61.0719	      8.39189	      138.324	      8.74842	      83.0477	      27.3061	    0.0205719	       7525.85
	      467.208	      110.458	      168.772	      14.3245	      13.9048	      195.047	       14.115	       50.075	      57.3061	  0.000386937	       7526.09
	      327.705	       114.29	      166.899	      57.3898	      12.4095	      161.897	      9.93401	      72.9628	      17.2421	  0.000386937	       7524.62
	      342.265	      109.944	      170.326	      69.8932	      2.86768	      161.897	      16.9558	      66.3576	      20.5695	    0.0029746	       7525.68
	      339.192	      110.056	      170.769	      46.0659	      20.0281	       174.27	      68.7116	      20.1354	      8.01808	   0.00906855	       7524.97
	      374.165	      110.069	      169.655	      9.97026	      23.5594	       174.27	      69.1348	      31.8421	      29.2796	   0.00624166	       7526.05
	      454.955	      110.054	      167.768	      3.60066	      26.2325	      140.723	      119.951	      31.8421	      25.9215	     0.117864	       7529.39
	      488.354	      113.194	      165.924	      115.585	      22.0055	      42.0109	      52.5635	      38.1862	      55.0226	    0.0772342	       7524.25
	      467.699	      111.196	      165.402	      165.751	      23.7722	      62.2042	      2.17702	      15.9915	      53.4429	    0.0128105	       7524.25
	      496.346	       110.11	      166.978	      96.8655	      90.3861	      75.7327	      18.6017	      3.07542	      49.5593	    0.0136901	       7523.62
	       438.99	      112.242	      167.515	      24.6268	      30.9446	      90.0088	      113.094	      24.3021	      45.4264	    0.0125286	       7523.19
	      449.119	      114.311	       165.26	      8.99959	      13.4891	      85.6877	      154.653	      28.7373	      31.7366	     0.112284	        7525.2
	      468.334	      114.015	       163.11	      8.99959	      51.3634	      38.5826	      154.653	      54.8526	      28.2679	   0.00389836	        7524.1
	      431.096	      114.594	      162.792	      35.2471	      48.5336	      76.5531	      88.5178	      45.4391	       42.502	    0.0910957	       7524.52
	      458.753	      112.685	      165.877	       14.305	      48.2543	      92.0282	      18.1281	       58.299	      99.1537	     0.089218	       7523.39
	      478.277	       114.87	      161.936	      19.6854	      76.1914	        65.25	      82.1163	      56.7873	      18.7316	     0.113277	       7524.76
	      473.968	       114.11	      162.005	       21.552	      77.6193	       71.949	      100.223	      21.1833	      37.8118	     0.119781	       7525.02
	      485.989	      116.783	      160.016	      77.7619	      83.2393	      51.8556	        35.61	      57.6472	      34.7849	    0.0521555	       7523.54
	      485.224	      109.441	      169.149	      35.7951	      55.2322	      152.663	      13.2466	      42.9957	      34.2229	    0.0939195	       7523.31
	      492.607	      114.321	      163.265	      54.7233	      51.4058	      152.663	      14.3748	      34.5351	      35.4397	      0.14791	       7524.96
	      465.337	      113.516	      164.533	      57.4572	      34.9318	      120.349	      35.8926	      21.0154	       52.341	     0.254389	       7524.22
	      479.503	      113.822	      161.837	      46.7078	      42.8411	      147.337	      12.5549	      19.4336	       65.654	    0.0361256	       7525.18
	      472.993	      115.802	      162.579	      43.4712	      24.8775	      165.916	      48.7146	      18.2208	      30.6531	    0.0696815	       7523.82
	      475.389	      112.705	      164.447	      26.9724	      24.8154	      107.462	      56.9999	      82.0474	       26.774	    0.0424854	       7523.23
	      490.588	      112.776	      165.855	      61.4914	      84.4356	      88.7344	      47.5041	      36.9321	      9.63551	    0.0488197	       7523.18
	      487.678	      114.591	      164.171	      76.2309	      57.0818	      121.163	      42.5196	      29.4509	      3.19885	      0.27161	        7524.9
	      351.166	      114.625	      166.377	      79.5827	      29.6139	      52.5717	      34.3747	      59.1783	      72.9689	     0.326694	       7523.69
	       448.05	      111.048	      167.814	      39.6262	      31.2692	      111.154	      69.5551	      77.9193	      8.53049	    0.0158242	       7523.53
	      450.271	      110.367	      168.509	       49.295	       28.306	      58.7055	      94.1158	      95.4245	      8.40702	     0.057241	       7523.36
	      463.123	      110.367	      168.509	      44.6697	      39.6129	      42.3027	      88.0151	      110.394	      3.98557	     0.289956	       7524.18
	      429.332	      110.367	      170.629	      80.6346	       68.723	      57.2966	      41.2733	      81.0464	      3.26605	     0.294282	       7526.66
	      475.747	      109.607	      168.009	      67.5053	      52.7759	      39.8555	      64.4657	      61.1495	      36.2486	     0.162203	        7522.5
	      462.305	      109.607	      167.901	      109.731	      96.7022	      39.6849	      27.7115	      29.7976	      25.5004	     0.226159	       7523.04
	      473.218	      109.607	      167.901	      97.1996	      96.9451	      46.4422	       52.076	      34.5315	      12.4809	     0.520831	       7524.28
	      454.427	      109.607	      168.058	      66.7011	      152.434	      45.1663	      17.6853	      26.5766	      17.9833	     0.278901	       7524.53
	      465.293	      109.376	      169.769	      84.6046	      153.341	      33.2422	      17.3453	      27.5296	      22.4002	     0.239547	        7524.4
	      464.781	       108.63	      170.261	      97.7709	      111.451	       38.771	      36.5401	      25.7353	      16.8306	     0.216193	       7523.37
	      457.883	      109.928	      168.963	      61.9071	      100.526	      17.8819	      24.8162	      94.7706	      24.8238	      0.15773	       7523.65
	      371.317	      126.073	      157.366	      40.2862	      3.83605	      79.7939	      19.5573	       44.418	       130.55	    0.0447861	       7532.16
	      338.599	      136.029	      142.223	      74.1613	      13.2452	      94.3891	      5.52963	      35.4948	      105.027	    0.0776448	       7529.24
	      348.822	      118.714	      160.392	      38.7029	      52.6856	      80.3658	       53.635	      29.6682	      88.1036	     0.172618	       7525.43
	      379.623	      121.484	      158.411	      57.3759	      43.0865	       47.002	      33.6197	      70.2163	      76.1301	     0.091775	       7524.83
	      444.399	      121.194	      157.585	      26.8233	      75.8757	      77.5869	      6.44375	      34.7692	      102.701	    0.0691431	        7524.8
	      461.975	      116.983	      158.569	        52.06	      125.731	      49.6815	      14.3017	      7.12111	      94.9692	    0.0415908	       7527.71
	      461.471	      118.982	      160.085	       16.281	      125.731	      31.9755	      52.0099	      7.12111	      98.1325	    0.0415908	       7525.08
	      451.911	      116.749	      162.086	      26.7597	      97.4479	      41.4036	      33.6994	      39.8082	       100.21	    0.0404137	       7524.11
	      365.299	      108.736	      173.098	      18.2288	      92.5362	      52.0625	      39.1968	      28.3708	       100.34	     0.159008	       7526.28
	      388.444	      105.782	      177.906	      20.8297	      172.724	       34.125	      20.1758	      24.7184	      59.4792	    0.0801622	       7530.34
	      395.447	      112.126	      169.867	       16.557	      127.233	      38.2805	      49.3647	      17.9211	      69.5411	    0.0251272	       7526.66
	      341.879	      114.271	      167.445	      15.6931	      108.593	      57.8841	      40.0743	      38.3987	      74.5338	   0.00800063	       7522.95
	      473.524	      108.531	      166.105	      27.7948	      104.575	      16.7213	       27.052	      86.8887	      67.2491	    0.0614259	       7529.61
	      482.248	      112.743	       163.76	      23.6672	      90.1036	      29.1794	      20.7513	      48.5998	      106.909	     0.208577	       7525.58
	      481.522	      108.488	      168.741	      31.6262	      83.7137	      114.709	      41.5523	      45.9367	       12.916	    0.0402358	       7523.86
	      467.232	      108.748	      171.182	      53.7322	      98.3967	      64.4187	       29.847	      34.6957	      37.6047	    0.0235745	       7523.67
	      498.376	      109.441	      168.969	      17.8207	      63.9438	      89.6194	       50.868	      40.0957	      60.2368	    0.0407494	       7523.02
	      468.427	      111.973	      165.727	      49.1246	      30.7793	       69.344	       77.701	      40.1994	      62.0897	     0.128676	       7522.51
	      477.798	      113.771	      163.801	      25.6703	      14.6819	      42.3377	      106.515	      55.3428	      73.3772	    0.0999647	       7523.97
	      455.132	      109.437	      168.933	      115.447	      11.2528	      73.1629	      85.7028	      34.0293	      4.49155	     0.102771	       7524.51
	      458.595	      109.215	       167.55	      129.422	      13.9119	       46.566	      89.4253	      14.4059	      45.2297	    0.0310599	       7524.82
	      482.531	      111.703	       165.62	       89.186	      10.3055	      45.8225	      94.9633	      39.1744	       56.186	     0.138477	       7523.26
	      490.956	      107.759	      170.633	      59.1572	      64.9442	      118.323	       38.053	      42.8021	      13.1377	     0.119782	       7523.34
	      487.099	      107.576	      170.633	      43.5657	      30.1893	      117.389	       25.246	      76.3201	      25.7612	    0.0842445	       7524.15
	       427.11	       108.31	      171.258	      126.724	      65.1488	      43.8303	      32.7676	      53.5081	      18.0182	     0.278251	       7526.57
	      455.464	      112.625	      166.378	      97.5925	      61.6984	      39.7557	      76.1816	      50.9887	      7.18976	     0.207095	       7523.86
	       449.62	      107.539	      172.614	      96.7725	      65.1799	       39.393	      59.3514	      40.3247	      32.9467	     0.484572	       7525.91
	      424.374	      115.205	      161.628	      68.6747	      102.969	      33.7867	         40.7	      47.5265	      40.2567	    0.0606108	       7526.04
	      433.303	      112.757	      166.614	      51.3601	      69.8438	      17.3083	      45.6326	      84.2099	       48.651	    0.0823541	       7524.16
	      499.185	      110.051	      168.592	      58.4157	      42.0855	      36.0676	      91.9792	      52.1081	       52.749	      0.08258	       7523.28
	      505.482	       111.51	      166.959	      54.5299	      50.9839	      36.6826	      114.991	       51.933	      8.04537	    0.0187408	       7525.55
	      485.272	       112.39	      167.165	      56.6099	      41.7977	      41.3643	      65.1222	      30.2869	      96.4673	     0.282546	       7524.65
	      400.785	      114.891	      165.143	      20.8071	      25.0712	      48.2396	      96.9728	      94.3658	      35.0219	     0.393148	       7527.27
	       473.44	      112.162	      165.729	      12.2666	      40.1642	      51.9215	      96.2926	       91.187	      44.9692	    0.0536682	       7523.09
	      444.106	      124.901	          153	        12.27	      27.6767	      41.5032	      51.0913	      86.8296	      111.642	    0.0124091	       7526.26
	      469.858	       109.77	      168.788	       32.713	      35.8341	      32.6715	      41.9194	      51.0538	      115.302	      0.10787	       7525.15
	      502.958	       109.77	      167.197	       63.006	      56.7122	      66.1134	      68.5621	      43.4493	      45.8095	     0.513047	       7525.63
	      425.918	      106.829	       174.31	      54.8597	      18.9185	       50.378	      145.052	      41.5211	      13.8939	   0.00241137	       7527.12
	      479.392	       113.86	      165.614	       19.012	      33.8142	      21.4232	      176.151	      42.6649	      30.8983	    0.0262409	       7524.21
	      485.139	      119.043	      160.189	      7.44701	      51.3777	      12.2978	      227.783	      40.8667	     0.823994	    0.0315547	       7528.11
	      488.918	      118.332	      159.096	      79.7802	      46.2436	      33.4142	      124.463	      24.0216	      10.6245	     0.154326	       7525.14
	      471.862	      109.989	      168.402	      106.744	      16.1748	      33.5032	      21.1857	      47.5217	       98.521	     0.345322	       7524.35
	      455.562	      110.821	      168.733	      119.178	      12.6585	       34.408	      46.7975	      52.1401	      56.8761	     0.243142	       7524.91
	      465.789	      110.357	      167.021	      79.0825	      71.2532	      34.4677	      44.8896	      72.1575	      31.7056	     0.326847	       7522.99
	      497.113	      112.837	      164.679	       78.153	      67.5066	       34.177	      77.7326	      69.1223	      13.3819	     0.395716	       7524.95
	      457.725	      109.264	      169.536	      90.3415	       67.158	      39.1808	      52.4469	       52.741	      23.9331	     0.520538	       7524.17
	      414.798	      109.887	      171.123	      81.3253	      66.9529	      73.6328	      47.8497	      32.0884	      27.5094	    0.0796058	       7526.64
	      440.788	      111.588	      165.536	      82.4736	      71.2409	      36.0881	      71.2447	      20.2266	      38.1115	   0.00394673	       7524.08
	       441.36	      110.476	      167.269	      75.4925	      23.5748	      23.2245	      53.9734	      116.409	       29.723	    0.0126919	       7523.32
	      489.282	      110.154	      168.527	      74.0555	      123.178	      75.6528	      13.2534	       37.795	       14.466	     0.114619	       7524.08
	      482.164	      112.404	      164.352	      31.6921	      58.9762	      117.737	      74.3831	       22.269	      39.6815	    0.0999822	       7524.83
	      472.353	      113.018	      163.269	      74.9158	      30.1815	       110.51	      81.4873	      11.4664	      20.3598	      0.13562	       7524.37
	       480.56	      113.149	      164.788	      49.8593	      30.5888	      90.2659	      52.5299	      97.5155	      13.2794	    0.0484903	       7522.79
	       489.33	      111.196	      165.735	      32.3109	      30.3648	      66.4038	       85.972	      117.729	      10.2173	     0.141378	       7524.54
	      477.555	      107.682	      169.981	      18.4609	      28.1779	      67.7538	      128.486	      32.5677	      53.3413	    0.0281158	       7523.98
	      490.715	      107.347	      172.116	      15.3911	      38.2994	      102.215	      49.9573	      62.3398	      49.0241	     0.113849	       7523.97
	      461.081	      111.949	      168.344	       23.555	      57.1237	      122.573	      59.4416	      59.7772	       3.0063	     0.108951	       7524.83
	      486.834	      114.177	       165.92	      29.4234	      78.0299	      79.2137	      76.8977	      57.4951	      11.7525	    0.0379889	       7524.89
	      475.376	      114.877	      164.149	       41.012	      49.6295	      27.8494	      66.5027	      43.3841	      93.9258	    0.0163395	       7523.08
	      484.939	      116.002	      161.908	       41.012	      52.9225	      19.8282	      85.7873	      39.2226	      93.9258	    0.0742949	       7523.32
	      485.146	      118.639	      159.775	      59.7234	       76.443	      39.5786	      47.4915	      24.6063	      73.4524	     0.108102	       7523.87
	      463.744	      117.501	      160.482	      89.1386	      47.4152	      22.7916	      10.5155	      63.3259	      103.091	    0.0145581	       7523.69
	      467.541	      116.228	       160.19	      82.7525	      48.7995	      32.7836	      2.93675	      43.2776	      124.125	    0.0213534	       7524.74
	       460.88	      113.309	      163.033	      107.002	      27.9526	      32.0922	      29.4403	      47.9762	      85.3527	     0.161039	       7523.66
	      461.771	      113.859	      163.759	       103.65	      42.9497	      35.2391	      25.7656	      62.1733	      58.2536	     0.179146	       7522.74
	      340.852	      111.938	      163.759	      54.8342	      53.8291	      37.4822	      28.9193	      36.3626	      110.171	    0.0589254	       7533.57
	      334.632	      116.967	      165.216	      47.9015	      46.8906	      40.4849	      51.9501	      86.5147	      51.6472	     0.309265	       7524.19
	      321.938	      118.095	        163.8	      36.1009	      67.9975	      34.2638	       51.862	      66.2539	      69.0035	     0.120586	       7524.23
	      349.509	      115.069	      166.184	      20.0752	      49.2136	      100.382	      18.4715	      91.0076	      59.7399	      0.18223	       7525.04
	      348.699	      112.235	      168.803	      45.2438	      49.1668	      59.8172	        75.38	      54.2716	      36.6707	      0.24546	        7523.2
	      356.479	      122.173	       160.42	      34.0009	      54.1481	      53.3247	      87.0907	      62.1188	      38.9748	     0.271432	        7525.8
	      371.002	      118.945	      161.132	       32.273	      40.0625	      90.2607	      50.9462	      66.8941	      47.4754	    0.0501061	        7524.1
	      437.265	      113.224	      164.459	      49.3458	      56.8393	      59.7498	      75.7244	      4.70959	      88.6737	   0.00228386	       7523.88
	        466.5	      115.368	      164.261	      52.0057	      20.3742	      37.2597	      31.6868	      19.1121	      170.613	    0.0448569	       7524.58
	      414.024	      114.259	       166.09	      66.3356	      14.3013	      16.8946	      50.0463	      15.9555	      170.613	   0.00308298	       7526.93
	      458.447	      113.071	      167.459	      29.7045	       30.771	      20.8106	      61.7987	      37.7423	      142.744	    0.0956208	       7524.75
	      474.459	      120.499	      158.109	      29.7573	      15.3241	      23.0237	      63.6154	      67.4671	      136.207	     0.174092	       7524.34
	      447.418	      113.626	      165.298	      34.6359	      69.1593	      34.6468	      78.2179	      35.2445	      85.9286	     0.296943	       7524.22
	      499.696	      113.256	      164.965	      54.0237	      47.5604	      58.7057	      73.3704	      25.7628	      63.8809	     0.343525	       7524.42
	      438.244	      132.122	      147.094	      56.7184	      22.3033	      86.7655	      67.6219	      48.7743	      52.4655	     0.125619	       7526.26
	      442.741	       122.28	      155.835	      56.5781	      66.6978	      74.2839	      29.0521	      54.4754	      59.4939	   0.00343566	       7524.17
	      492.185	      107.391	      169.636	      14.0871	      14.4118	      82.4349	      158.715	      20.7146	      42.8924	   0.00248159	       7524.91
	      381.983	      110.378	      169.698	      94.4554	      16.5882	      52.3944	      18.2929	      80.5061	      59.0634	     0.127688	       7525.24
	      341.821	      114.194	      164.624	      116.588	      15.9825	      50.1359	      38.6436	      77.5236	      32.9902	    0.0621698	       7523.43
	      328.361	      114.226	      166.508	      133.678	      54.0531	      32.2155	       36.066	      42.9766	      44.2414	    0.0184492	       7524.63
	      359.361	      113.283	      167.154	      113.907	      65.0608	      39.8042	      54.1687	      10.3864	      39.1234	    0.0470433	       7524.08
	      438.846	      112.787	      167.059	      15.9275	       58.336	      72.9086	      84.6839	       64.659	      17.8997	     0.201558	        7525.4
	      437.703	      117.001	      163.435	       39.687	      25.4039	       83.372	      115.724	      68.5092	      6.56261	      0.12144	       7526.12
	      491.174	       132.64	       144.42	      84.2977	      13.8431	      26.5201	      128.754	        70.02	      6.09291	      0.13463	       7528.21
	      451.338	       135.39	      142.475	      5.41613	      30.8023	      77.0945	      153.323	       63.429	      15.6268	    0.0241608	       7533.76
	      466.483	      116.568	      163.898	      51.1266	      27.8192	       55.969	      147.917	      37.3219	      14.7002	    0.0286759	       7525.74
	      485.607	      111.729	      163.367	      83.0369	      23.7028	      33.0156	      123.894	      47.6174	      24.5753	    0.0151642	       7524.84
	      469.168	      112.788	      165.282	      81.1701	      66.5091	      24.4664	       146.28	      8.37307	      14.9242	    0.0707766	       7524.49
	      434.937	      113.425	      166.664	      67.1795	      4.25657	      34.1125	      186.064	      18.5052	      5.38614	    0.0717806	       7527.36
	      430.962	      111.646	      166.831	      133.502	      21.7001	      35.8135	      81.5987	      38.5541	      27.0008	     0.035499	       7523.64
	      446.819	      116.395	      161.018	      134.026	      37.7991	      78.1867	      39.5916	      31.0249	       17.718	     0.127015	       7523.93
	        452.2	       124.25	      151.774	      173.107	      36.0428	      72.1079	      36.0192	      11.0918	      11.6226	     0.209795	       7526.12
	       448.47	       124.34	      152.022	      160.695	      68.9016	      15.3967	      37.2904	      35.6367	      14.8028	    0.0897166	       7525.35
	      463.219	      131.086	        146.5	      126.365	       72.717	      23.3674	      61.8813	       18.515	      32.5842	    0.0716962	       7525.09
	      467.513	      132.643	      143.814	      120.305	      102.149	      23.3474	       45.588	       16.205	      18.3134	     0.276051	       7526.93
	      363.977	      133.732	      144.945	      147.504	      81.0898	      22.8638	      38.9756	      14.0293	      21.2094	    0.0350425	       7526.45
	      336.372	      125.335	      155.104	      116.566	      90.3544	      31.8578	      69.9734	      14.0293	      2.26183	     0.117061	       7525.58
	      368.098	      119.798	      159.936	       130.53	      44.8556	      16.4406	      40.3222	      47.3609	      44.3133	     0.143936	       7524.75
	      353.394	      119.798	      159.936	       139.62	      74.5523	      33.3622	      34.1078	      42.5468	      6.40758	     0.269478	       7524.82
	      355.111	      118.446	      161.268	      117.973	      63.1163	      43.6417	      68.1961	      42.3576	      8.32268	    0.0574629	       7525.09
	      329.451	       120.69	      161.486	      99.4213	      33.4535	      91.1884	      78.6208	      18.2875	      17.3266	     0.195678	       7526.65
	      351.218	      125.636	      152.961	      139.394	       50.732	      33.5077	      74.9446	        41.41	      3.24558	    0.0825863	       7526.13
	      328.595	      120.548	      160.237	      144.144	      74.6917	       14.728	      73.3681	      16.8213	      11.9994	     0.132047	       7525.98
	      495.905	      108.693	      168.216	      171.007	      60.9075	      6.25597	      39.8679	      25.7396	      14.1321	    0.0171369	       7524.87
	      491.361	      113.199	      165.506	      44.7779	       84.937	      29.7091	      69.0957	      24.4901	      64.1612	    0.0455052	       7523.71
	      452.232	      122.507	      156.172	       56.108	      38.4843	      42.1507	      36.4161	      104.014	        49.94	    0.0994877	       7524.16
	      488.815	      115.315	      161.842	      102.772	      39.8452	      18.8872	      49.1557	      89.4334	      36.5976	    0.0579872	       7523.24
	      435.496	      115.772	       161.64	      50.7915	       37.502	      42.8646	      97.2005	      69.3937	      33.0696	     0.157157	       7524.06
	      444.069	       114.72	      163.375	      71.3223	      20.3661	      26.9434	      85.3708	       82.514	      40.4077	    0.0928766	       7523.18
	      445.818	      113.929	        163.8	      95.8217	      21.4315	      26.8826	      82.4839	      77.9864	      39.1595	     0.223903	       7524.83
	      436.844	      114.119	      163.667	      103.536	      36.0184	      51.4656	      43.6465	      81.0717	      17.2851	     0.291927	       7523.78
	      435.796	      109.911	      167.715	      115.556	      33.7192	      75.3147	      83.6418	      3.70175	      10.7372	     0.278417	       7526.73
	      459.155	      110.721	          167	      64.0574	      85.8766	      32.5544	      60.4847	      66.2984	      17.8378	      0.18398	       7523.01
	      457.475	      111.419	      168.337	      54.0663	      119.131	      32.0695	      70.8885	      24.1705	      22.5478	     0.292142	       7524.69
	      456.858	      116.073	      164.976	      84.0465	      50.2693	      21.2194	       43.166	      45.1813	      87.6293	     0.256477	          7527
	      455.095	      120.323	       156.72	      90.7561	      49.2199	      38.1298	      8.62197	      48.2637	      93.4528	     0.113333	       7524.93
	      479.005	      118.883	      159.058	      79.9052	      77.8945	      63.5053	      8.00709	       9.4318	      81.7144	    0.0362643	       7524.66
	      438.557	      114.942	      166.868	      4.67358	      11.4281	      49.6618	      75.0132	      124.089	      69.9648	    0.0241027	       7526.99
	      442.174	      121.723	      155.683	      16.7729	      7.75154	      16.1164	       24.177	       126.76	      137.569	    0.0992639	       7526.66
	      442.109	       120.55	      158.653	      16.7729	      17.2925	      9.08587	      38.1206	       126.76	      117.203	  0.000112997	       7524.85
	      441.626	      119.931	      161.227	      54.7895	      98.2144	      15.2694	      22.9269	      97.9978	      45.8041	     0.118225	       7526.67
	       450.19	      120.289	      152.778	      54.7343	      93.1147	      32.9019	      14.8906	      71.5044	       71.632	      0.10398	       7530.18
	      471.519	      120.419	      155.838	      139.644	      91.8154	      18.0871	      52.4417	      13.6067	      10.9148	     0.018029	       7524.73
	      442.376	      120.442	      158.119	      139.891	      80.9671	       22.477	      59.9917	      13.6067	      13.4163	    0.0919278	       7524.89
	      503.683	      119.717	      157.188	      127.101	      68.8109	      27.5202	      53.1155	      37.3949	      4.22864	    0.0254461	       7526.26
	       454.93	      119.406	       157.58	      127.617	      32.1182	      28.4232	      75.3352	      41.2454	      20.3718	    0.0216915	       7524.18
	       330.26	      124.389	      155.372	      152.637	      47.8671	      28.6323	      31.0237	      36.4744	       38.625	    0.0962713	       7524.65
	      337.002	      113.665	      166.852	      72.7472	      49.2521	       33.948	      88.5825	      19.5781	      62.8977	    0.0286371	       7522.59
	      341.648	       115.77	      165.405	      66.0343	       68.155	      21.5048	      70.3138	       49.968	      43.0936	    0.0653683	       7523.13
	      369.367	      115.523	      164.618	      88.9234	       85.218	      47.1842	      26.8712	      22.9954	      54.3545	   0.00314745	       7523.48
	      329.305	      115.056	      164.914	      87.2137	      50.6987	      97.9352	      45.8908	      26.0934	      33.6271	    0.0558447	       7524.19
	      340.882	      118.235	      163.924	      107.575	       52.265	      50.6974	      59.6734	      13.1415	      57.8768	    0.0338872	       7525.75
	      365.565	      114.423	      166.479	      40.8481	      58.0707	      67.9802	      110.721	      33.5782	      12.4457	     0.144049	       7524.22
	      339.731	      114.213	      166.158	      89.4398	      41.2053	       45.007	      29.1212	      61.6235	      57.3499	     0.184205	       7522.75
	      321.221	      116.399	      166.112	      63.1388	      65.3849	      29.0206	       48.852	      81.4374	      45.5872	     0.257636	       7525.05
	      347.757	      115.425	      165.198	      91.7544	      39.4226	      44.3259	      74.7657	       23.777	      58.8355	     0.242115	       7523.23
	      347.364	      114.319	      165.078	       208.77	      24.7953	      25.3598	       26.545	      27.9241	      18.0652	     0.103901	       7523.59
	      489.669	      113.076	      163.794	      217.479	       5.7511	        8.743	      24.5435	      20.8468	      36.1871	     0.231903	       7527.46
	      371.939	      113.153	      166.198	      217.479	      11.6009	      40.0878	      37.3432	      23.1611	       2.9318	    0.0929568	       7525.68
	      335.753	       112.63	      166.541	      218.245	      47.6015	      6.10987	      25.7019	      14.4673	      27.6232	     0.133879	        7525.4
	      331.638	      113.286	      167.583	      218.245	      42.2382	      6.10987	      28.8219	      14.7987	      19.8193	     0.177801	       7526.53
	      362.865	      113.547	      167.442	      230.643	      47.7582	       1.9728	      17.6695	      14.7348	      23.3108	    0.0747431	       7528.64
	      370.298	      111.194	      167.284	      187.121	      35.5082	      17.9565	      13.5232	      37.4361	      50.0765	    0.0092103	       7525.75
	      466.584	      109.195	      168.093	      178.408	      30.4941	      50.2388	      2.49712	       29.454	      37.3604	   0.00950326	       7524.29
	      485.601	      110.821	       167.19	      94.7645	      11.3758	      44.2504	      57.0561	      58.2345	      68.6689	     0.043353	       7522.75
	      339.434	      114.263	      167.418	      144.648	      16.9565	      29.4004	      45.9118	      40.5624	       47.376	    0.0561839	       7524.11
	      446.157	      115.323	       164.14	       113.45	      24.9079	      19.0622	      51.9764	      48.7814	      70.2875	     0.147222	       7524.41
	      493.208	      108.382	      168.723	      96.8975	      52.5684	      60.4834	      43.3049	      40.5351	      30.5775	     0.132551	       7523.02
	      465.541	      109.711	      167.631	      109.246	      79.2222	      55.0777	      37.9988	      32.3501	      29.4578	    0.0602633	       7523.45
	      454.935	      109.903	      170.169	       13.353	      111.525	      41.2597	      23.0456	      74.0141	      47.1834	    0.0904152	       7526.57
	      444.285	       111.58	      169.229	      61.4444	      56.4505	      95.9669	      35.6763	      44.9117	      28.7873	    0.0341692	       7524.41
	      397.454	      115.557	      163.656	      21.2676	      52.4042	      93.4458	      30.0813	      64.2033	       71.923	     0.203896	       7525.64
	      348.082	      121.242	      158.733	      61.2917	        40.35	      73.8141	      28.9472	      67.5622	      53.8473	    0.0671786	       7523.73
	      491.923	      120.898	      155.954	      71.2595	       28.365	      42.6555	      50.8832	      79.5008	      51.9947	      0.13494	       7523.65
	      474.239	      115.229	      161.251	      62.5674	      118.448	      22.1489	      29.2573	      57.1589	      48.3139	     0.131517	       7523.89
	      362.122	      115.681	      165.334	      45.7486	      101.955	      51.9451	      30.1217	      68.7525	       42.104	     0.139623	       7524.71
	      316.477	      115.235	      164.563	      61.7924	      65.4308	      89.3358	      56.8198	      29.0841	      23.7947	     0.363416	       7526.04
	      354.822	      114.136	      167.387	      66.1285	      49.0418	      65.0325	       60.449	      76.1984	      17.0478	     0.390797	       7524.53
	      357.403	      112.025	      166.879	      85.5657	      42.0342	      87.0832	      68.3983	      18.2651	      37.4877	     0.162159	       7524.88
	      473.308	      113.175	      164.382	      99.7222	      89.2488	      41.3592	      37.8104	      27.2143	      32.9477	     0.020816	       7522.35
	      433.705	      111.588	      165.694	      106.167	       80.855	      59.4583	      34.3942	       18.261	      35.1071	   0.00982968	       7523.47
	      463.797	       112.58	       164.52	       135.38	      127.934	      17.9989	      14.0849	      18.8351	      26.3867	     0.118865	          7524
	      349.795	      116.067	      162.935	      136.008	      119.869	      12.3221	      22.6645	      28.4612	      15.3283	    0.0111937	       7524.08
	      335.682	      112.389	      169.133	       163.72	       82.398	       6.7076	       40.306	      19.0928	      21.7132	    0.0291421	       7524.86
	      403.809	      117.674	      161.971	      30.8916	      88.8404	      43.2642	      53.2681	      55.9626	      69.5008	    0.0158508	       7526.24
	      333.802	      119.232	      164.257	      68.1233	       55.549	      30.8452	      56.2942	      58.9501	      55.6477	     0.352766	       7526.78
	      343.237	      117.329	      164.524	      76.2757	      75.1364	      32.4003	      52.9388	      35.5665	        47.04	     0.145379	       7523.92
	      312.606	        117.4	      163.145	      60.6024	       47.821	      99.1318	       20.061	      40.6983	      70.5645	     0.124043	       7526.24
	      316.605	      121.768	      161.974	      64.6923	      73.7541	      74.0676	      27.8674	      34.0567	       51.494	    0.0529599	       7527.51
	      347.037	       122.58	       161.31	      39.7481	      78.1364	      77.3646	      50.7618	      50.6323	      24.9044	     0.132145	       7527.72
	      356.179	      124.754	      156.351	      58.8229	       77.583	      102.173	      21.2952	      16.8787	      45.1479	     0.130727	       7526.07
	       334.67	      125.736	      156.459	      48.4909	      63.6998	      113.362	      22.0221	      38.6695	      38.3456	     0.207166	       7526.52
	      325.071	      124.363	      155.695	      37.1797	      98.6201	      101.977	      21.5193	      44.4061	      30.5777	     0.103641	        7525.5
	       369.71	      125.066	       154.86	      22.6569	      75.2694	      98.3102	      27.2619	      59.4352	      50.9403	     0.168245	       7526.17
	      365.089	      123.892	      156.487	      32.6311	      80.2966	      94.0572	      38.8868	      63.9829	       21.448	    0.0308997	       7524.69
	      332.015	      122.798	      159.751	      15.4519	      47.4692	      195.346	      33.4738	      15.1407	      31.2614	    0.0210645	       7526.09
	      333.346	       121.12	      160.998	      10.9085	      48.9983	      213.086	      14.4975	      3.19207	      20.6508	    0.0675534	       7529.06
	      455.723	      118.283	      160.998	      38.5268	      52.6018	      193.748	       8.8659	      22.6964	      18.9246	     0.129258	       7525.75
	      327.373	      116.903	      164.849	      3.81012	      42.1611	      182.143	      12.4193	      39.2804	      44.6192	    0.0597359	       7526.09
	      358.501	      117.036	       162.27	      47.8412	      32.1543	      175.704	       19.359	      18.0291	      47.7183	    0.0916939	        7525.5
	      357.756	      133.211	       146.01	      59.5952	      35.9933	      144.359	      30.3559	      19.0919	      46.1814	     0.160019	       7526.85
	      479.167	      124.912	      155.831	      19.3859	      45.0247	      164.902	      16.9653	      31.9345	      40.9279	     0.227745	       7529.34
	      495.906	      127.876	      148.761	      13.5955	      54.7678	      164.902	      27.5291	      40.5195	      34.3209	     0.195025	       7528.16
	      497.518	       104.28	      174.103	      23.9456	      39.0488	      164.902	      28.6904	      35.0275	      36.4876	   0.00967945	       7526.16
	      471.579	       113.31	      166.476	      22.3435	      29.6846	      191.146	       10.385	      43.3936	      34.5379	    0.0339727	       7524.56
	      348.474	      114.723	      167.696	      105.925	      49.9047	      111.197	      19.8921	      10.4948	      25.0023	    0.0543117	       7525.49
	      334.487	      116.645	      164.127	      112.805	      13.6686	      139.474	      25.7535	      18.1961	      20.1009	    0.0637605	       7524.32
	      334.952	      120.692	      161.697	      109.371	      28.8278	      119.609	      11.7866	      18.1979	      44.2499	     0.177252	        7526.8
	      424.138	      118.671	      160.323	      101.192	      30.5148	      133.379	      38.7135	      6.93407	      19.3207	     0.143488	       7526.87
	      463.957	      118.759	      160.218	      13.4127	      42.3802	      155.587	      65.2625	      49.5165	      3.50996	     0.192819	       7525.93
	      487.424	      122.491	      151.333	      56.0947	      61.5261	      133.824	      55.9785	       2.8593	      5.26198	     0.210486	       7532.04
	       400.33	      121.719	      155.407	        54.33	      73.3646	      20.0748	      122.819	      37.0037	      23.0202	    0.0627896	       7528.66
	      487.942	      112.326	      165.036	       30.846	      51.4149	      88.9518	       82.799	      62.5783	      11.6141	     0.356089	       7524.02
	       504.36	      113.316	      163.868	      38.4783	      56.2475	      82.3978	      71.1198	      56.4037	      11.6141	     0.219685	       7525.73
	      485.155	      110.949	       168.55	      62.4151	      64.0301	      78.5435	      86.8789	      15.7659	      30.6295	    0.0517239	       7524.12
	      449.922	      110.548	      168.495	      75.0155	      76.5074	      53.4962	      56.5671	       39.556	      31.7657	     0.272177	       7523.14
	      448.782	      110.839	      166.471	      93.5359	       94.898	      65.0633	      47.1199	       14.382	      24.9918	     0.199176	        7523.9
	       465.98	       110.77	      165.936	      86.8377	      40.6006	      104.122	      38.8924	      39.2489	      24.9918	     0.194398	       7523.31
	       479.77	      111.083	      167.365	      68.0649	      24.1091	       128.38	      39.6128	      43.8394	      27.5681	    0.0528096	       7522.79
	      483.971	      107.633	      172.943	      38.5303	      21.1301	      105.782	      37.2101	      37.9685	      88.7084	    0.0915933	       7524.93
	      451.557	      106.755	        173.3	      51.4569	      16.4792	      95.2227	      37.1084	      32.9793	      83.9231	    0.0343003	       7525.53
	      502.153	      106.849	      170.712	      45.5282	      123.699	       14.993	      87.0742	      3.32173	      69.3055	    0.0152716	       7527.31
	      477.056	      108.521	      171.202	      62.0345	      117.937	      19.0356	      78.2318	      11.1552	      47.7069	   0.00752711	       7524.15
	      491.043	      107.634	      171.202	      54.3429	      47.0669	      33.0333	      105.648	      10.6892	      70.6853	     0.119462	       7524.18
	      482.984	      105.785	      172.089	       66.275	      22.1003	      65.5724	      62.3008	      52.7175	       55.106	    0.0267395	       7524.62
	      472.042	      107.665	      172.037	      29.3084	      26.1028	      44.0345	      18.0146	      36.0823	      168.825	    0.0112609	       7523.62
	      464.199	      106.581	      171.984	      51.7596	      18.2569	      21.5113	      54.9746	      81.5569	      105.499	    0.0865211	       7524.36
	      496.928	       107.09	      173.313	      15.4254	      77.0328	      37.4141	       20.152	      53.3946	       129.14	     0.135741	       7525.75
	      484.918	      108.006	      171.486	      31.4661	      73.8853	      20.6153	       40.269	      37.4551	      129.806	     0.131713	       7523.69
	       483.03	      114.309	      163.902	      17.9839	      21.5319	      78.9407	      31.9255	      28.9365	      139.563	     0.200955	       7525.96
	      336.329	      111.768	      169.454	      17.9588	      23.7696	      67.5277	      42.9862	      47.9611	      145.554	    0.0644932	       7525.57
	      326.527	      115.601	      163.992	      12.9252	      33.0501	      37.8575	      32.8694	      70.7035	      158.588	      0.15523	       7527.62
	      449.533	      115.601	      162.953	      83.6831	      18.1943	      43.4886	       87.826	      46.1861	      40.1712	     0.158325	       7524.27
	      344.119	      111.362	      169.529	      43.2479	      68.5097	      36.3559	      87.4743	      62.6084	      38.4817	    0.0614964	        7522.5
	      325.851	      110.555	      171.631	      33.2714	      43.9079	      50.6273	      113.387	      45.7474	      48.2151	    0.0716227	        7524.3
	      344.271	      110.551	      172.909	      30.0319	      84.3402	      52.2893	       79.608	      34.9494	      56.8002	     0.196611	       7525.49
	      308.037	      116.674	      165.861	      32.7639	      87.9438	      39.9335	      84.6447	      48.6576	      32.0619	     0.297575	       7527.91
	      327.788	      115.887	      167.031	      11.6178	      78.9129	      56.6222	      74.9355	      73.8404	       37.859	    0.0172189	       7524.78
	      389.841	      110.727	      169.721	       25.161	      91.8514	      23.6813	      73.1902	      37.9905	       76.039	     0.060282	          7524
	      386.527	      113.923	      167.175	      25.1547	      61.2868	      53.1774	      75.4766	      57.0425	      52.1988	    0.0608055	       7524.18
	      430.334	      111.185	      167.234	      106.369	      19.8207	      28.6714	      40.0446	      36.4916	       112.03	    0.0818968	       7524.66
	      437.909	      110.506	       168.53	      116.901	      32.0858	      18.6987	      35.5242	      22.8629	      101.439	     0.199405	       7524.39
	       355.54	      121.562	      158.291	      106.569	      61.6177	      50.1861	      41.9595	      44.5809	      28.3873	    0.0101972	       7523.94
	      498.434	      120.069	      158.646	      35.1838	      41.9522	      51.6358	      65.8795	      79.2476	      65.3468	    0.0472986	       7524.44
	      318.481	      118.979	      161.882	      45.2994	      73.3744	      7.66042	      69.8023	      78.6456	      62.7813	     0.040612	       7525.33
	      338.818	       116.98	      163.083	      28.3527	      56.2775	      50.8862	      33.2498	      81.3516	      71.3242	    0.0805244	       7523.42
	      364.562	      120.624	      160.758	      35.2503	      51.9695	      68.5074	       47.444	      81.2436	      54.0628	     0.218579	       7525.48
	      367.614	       111.68	      167.891	      94.7341	      19.1889	      31.0228	      45.9862	       98.987	      44.5502	      0.12823	       7523.78
	      487.811	      114.412	      163.142	      67.3179	      31.7364	      19.0731	      42.5003	      136.679	       25.625	     0.123587	       7523.57
	      467.251	      114.235	      164.266	      18.3444	      20.0516	      34.0004	      69.8024	      167.751	       24.449	     0.244557	       7524.47
	      458.436	      113.751	      165.285	      34.1633	      24.9289	      23.7825	      54.5463	      98.2861	      98.9247	     0.331406	       7523.98
	      481.906	      112.945	      164.574	      45.1621	      25.4783	      38.8514	       103.74	       64.286	      69.4636	     0.211806	       7525.68
	      472.855	      107.888	      172.707	      46.4964	      13.5834	      40.8707	      111.854	       52.532	      56.0797	     0.188082	       7525.23
	      476.491	      121.289	      155.884	      73.3591	      13.8557	      51.4974	      94.9597	      74.9638	      25.5024	     0.175062	       7524.37
	      482.377	      117.132	      160.839	      72.1644	      31.2315	      74.1743	      119.742	      29.4504	      3.86207	     0.155943	       7524.45
	      441.966	      128.325	      151.708	      34.7174	      79.9849	       69.063	      104.073	       45.203	     0.253569	     0.110702	        7527.8
	      488.619	      107.129	      172.705	      82.1877	      34.6943	      62.0789	      91.4603	      43.1383	      14.8825	    0.0724379	       7524.43
	      489.501	      118.628	      159.279	      67.7429	      44.5611	      66.7459	      74.6875	      56.9504	      7.98662	     0.104165	       7524.44
	       472.11	      121.243	      156.284	      71.3974	      70.8748	      62.7671	      87.1754	      37.6159	      6.34661	     0.144217	       7524.14
	      373.499	      115.315	      165.352	      27.4946	      66.1198	      46.7581	      123.916	      31.3783	      29.6141	     0.103228	       7524.05
	      458.376	      113.719	      165.322	       24.994	      54.1544	       34.199	      133.903	      28.5307	      60.4681	     0.200677	       7524.28
	      486.363	      111.297	      164.749	      61.5278	      68.4161	      27.6361	      149.346	      8.57436	      24.5743	     0.103791	       7525.07
	      487.828	      115.376	      160.709	       65.933	      55.6033	        27.98	      152.354	      17.8543	      5.15059	    0.0908828	       7525.19
	      443.207	      115.034	      163.092	      24.4966	      84.1866	      20.2044	      141.485	        28.71	      31.4982	    0.0831432	       7524.24
	      461.087	      116.094	      161.673	       31.072	      67.5492	      24.6202	       128.85	      28.8121	      46.3382	     0.018982	       7523.56
	      445.217	      111.632	      167.324	      75.0714	      73.2673	      23.5122	      122.825	      17.7855	      15.7367	     0.072456	       7523.65
	      485.677	      112.935	      164.669	      89.3705	      58.9681	       11.538	      122.825	       5.3663	      35.4181	    0.0242487	       7523.77
	      465.544	      112.495	      166.668	      44.4436	      59.6847	      8.96851	      155.106	      35.6903	      17.2256	    0.0304344	       7524.08
	      313.298	      112.684	      169.079	       7.3322	      55.7148	      80.9728	      66.2806	       65.747	      45.9733	    0.0249333	       7525.96
	      355.586	      116.314	      166.852	      24.0252	      62.3901	      73.2251	      68.1886	      56.4663	      42.1618	    0.0370993	       7525.47
	      381.564	      110.313	      169.382	      38.3726	      22.0046	      74.4494	      86.5179	      32.3799	      82.4787	    0.0831111	       7524.99
	       338.08	      120.875	      158.073	       10.908	      30.1146	      75.2643	       90.771	      42.5053	      67.0723	     0.240563	       7528.27
	      338.171	      123.483	      157.803	      43.3177	       47.112	      66.0502	      118.929	      6.42239	      62.8972	    0.0135976	       7526.31
	      338.702	      120.142	      160.622	       104.99	       35.246	      81.9434	      60.8407	      10.1466	      28.4212	     0.176395	       7524.65
	      345.486	      119.978	      158.201	      121.906	      39.7493	      40.9728	      65.8113	      11.0555	      44.7471	    0.0787735	       7525.12
	      331.626	      120.621	      158.201	      77.2957	      32.4584	      57.8732	      80.1139	      11.0555	      73.8734	     0.109744	       7526.01
	      389.278	      121.406	      159.434	      75.7012	      39.6603	      49.2348	      83.5938	      17.2483	      73.6934	   0.00977765	       7525.73
	      343.035	      117.625	      161.428	      129.768	      40.4506	      56.5659	      69.4868	      13.9922	      19.9624	     0.534026	       7525.48
	      403.143	      115.094	      164.624	      73.9933	      68.6701	      26.1294	      85.5413	      54.2003	      24.5551	     0.142895	       7525.35
	      395.138	        116.7	      161.171	      60.0202	      34.3522	       23.221	      69.5067	      88.5417	      47.5319	     0.103201	       7526.18
	      357.201	       116.94	      161.515	      78.9271	      46.5717	      22.3894	      83.7945	      53.2606	      53.4269	     0.141368	        7524.9
	      343.774	      112.162	      168.544	      84.9914	      43.4516	      20.6596	      73.9816	      22.5167	      77.8312	    0.0778112	       7522.79
	      369.997	      114.612	      165.782	      86.0815	      27.7763	      43.8745	      51.5627	      43.7734	      74.5748	     0.252101	       7523.78
	      387.418	      114.573	      166.578	      69.0262	      40.7727	      78.3915	      35.7984	      81.3875	      32.5654	     0.353137	       7526.33
	      353.011	      114.573	      166.578	      70.3721	      39.6052	        45.33	      36.1998	      89.3932	       31.855	      0.26277	       7525.67
	      340.463	      113.549	      168.398	      64.7029	      74.9144	      103.285	      38.6268	      30.7177	      5.46457	     0.117704	       7524.43
	      340.463	      113.952	      167.663	      33.0177	      107.754	      89.8124	       7.3629	      46.8506	      42.7752	    0.0135822	       7523.22
	      339.795	      112.165	      167.549	      63.6873	      96.9437	      89.3194	       5.5089	      39.3831	      38.5812	    0.0230218	       7523.84
	      357.741	      113.756	      166.041	      121.125	      48.5424	      85.9557	      22.7091	        12.55	      37.0544	   0.00621634	       7523.56
	      353.771	      119.263	      163.977	      150.367	      26.7184	      81.0642	      14.7779	       47.479	      10.4325	    0.0933215	       7529.52
	      348.411	      122.851	      156.973	      145.271	      17.2567	       72.382	      22.8123	      47.7198	      15.3363	    0.0620033	       7524.96
	       346.77	      116.925	      163.686	      107.198	      28.8967	      48.0733	      97.5861	      33.6783	      11.1302	    0.0848005	       7523.39
	      359.929	      116.888	      162.645	      95.0595	      29.7845	      106.633	      81.3799	      9.01646	      3.83925	    0.0795768	       7525.23
	      363.071	      116.888	      162.645	      76.7419	      24.8452	      101.571	      121.381	      4.87746	      9.82019	     0.201441	       7526.58
	      438.137	      116.888	       162.54	      137.436	      4.78581	      38.4148	      99.9821	      44.3746	      11.8325	    0.0580535	       7526.02
	       466.51	      115.948	      160.852	      146.333	      40.0422	        38.11	      50.0672	       37.842	      9.78827	     0.171095	       7523.88
	      442.063	      116.888	      160.907	      145.734	      33.8583	      80.5866	      46.6681	       28.185	     0.886665	      0.13866	       7525.18
	      475.445	      116.888	      160.907	      120.846	      29.4173	      75.8265	      67.2618	      2.67765	      21.7871	     0.088271	       7525.81
	      440.799	      116.888	      160.907	       71.173	      58.3026	      113.073	      11.2269	      67.3471	      23.5848	     0.089606	       7525.69
	      470.647	      116.888	      160.907	      120.729	      34.7208	      90.2258	      19.4839	      58.1357	      7.43433	    0.0939856	       7524.08
	      450.066	      119.392	      159.318	      70.9363	      75.5707	      12.2832	      56.0984	      84.3338	      37.8756	    0.0404866	       7524.29
	       496.09	      116.856	      159.318	       74.779	      90.1526	      18.2162	      34.4261	       87.353	      34.8788	     0.249682	       7524.98
	      378.737	      118.964	      159.318	      108.186	       102.94	      19.6002	      28.7675	      35.5529	      53.4374	     0.158299	        7528.1
	      396.022	      120.146	      159.318	      77.0471	      61.4083	      42.1256	      44.9105	      44.7255	      60.0675	     0.199347	       7525.52
	      442.766	      120.535	      159.318	      94.9026	      28.0194	      51.6781	      79.0297	       17.499	      56.2693	      0.16265	       7525.18
	      432.782	      103.656	       175.81	      97.7207	      17.0952	      52.2034	      31.7009	      90.7941	      46.6069	     0.129708	       7529.31
	      341.615	      103.641	      178.121	      27.0427	      19.4512	      46.0333	      92.3006	      32.6104	      94.9639	     0.124152	       7530.22
	      331.521	      106.537	      178.509	      20.0247	      27.5902	      37.9817	        37.54	      43.6641	      173.049	     0.127824	       7530.99
	      426.947	      106.537	      173.537	       16.726	      12.2452	      25.9952	      43.1153	      62.2555	      168.521	    0.0966406	       7526.63
	      478.503	      104.154	       176.67	      50.8163	       55.607	      51.8534	      8.81398	      40.0068	      124.772	     0.157909	       7527.75
	      444.537	      104.154	      178.642	      29.0382	      43.4861	       75.378	       65.177	      57.9535	      51.6584	     0.184924	       7528.78
	      474.549	       107.46	      174.113	      36.3999	      96.7746	       65.566	       80.579	      16.2146	      37.1024	     0.137728	        7526.6
	      428.134	      104.991	      174.113	      27.3768	      72.3884	      37.7446	      50.1036	      91.9706	      51.1559	     0.064153	       7527.75
	      492.162	      106.283	      174.113	      32.0626	      24.0884	      41.5061	       35.906	      136.013	      70.5915	     0.121796	       7526.17
	       440.74	      106.283	      172.968	      48.5152	      30.6837	      26.1496	      80.5125	      129.366	      17.5485	    0.0972642	       7525.65
	      465.151	      107.766	      172.968	      39.7182	       20.542	      73.8403	      128.561	      16.7999	      61.5881	     0.112328	       7526.45
	      448.216	      107.766	      172.968	      7.24539	      39.1498	      91.0466	      60.7839	      23.2725	      99.5776	     0.174954	       7526.49
	      367.945	      107.766	      172.968	      103.489	      59.9455	      23.6238	      36.6675	      18.1101	      93.9024	    0.0573636	       7526.55
	      436.349	      107.766	      172.968	      66.3142	      44.2202	      19.6795	      19.8433	      66.4315	      123.716	    0.0964341	       7525.82
	      475.711	      110.882	      167.329	      69.8753	      130.087	      44.2022	      27.0109	      41.6744	      15.1619	    0.0664761	       7522.79
	      456.248	      110.882	      167.329	      38.0302	       75.129	       84.788	      59.3445	      39.4193	      35.2853	    0.0993955	       7522.67
	      473.661	      110.882	      167.329	      90.0782	      19.1101	      19.3924	      37.0286	      118.271	      50.0152	     0.129334	       7523.13
	      462.416	      112.625	      165.872	      97.3454	      38.9034	      39.5961	       40.714	      50.4042	      57.0308	     0.197669	        7522.8
	      502.502	      112.625	      165.872	      82.5884	      75.8427	      56.7075	      10.5191	       33.832	      56.5479	     0.180609	       7525.77
	      475.075	      113.445	      165.872	      17.9739	      25.4059	      71.8767	      28.3945	      84.8626	       108.49	    0.0794777	       7523.74
	      352.501	      114.178	      165.711	      52.7085	      100.549	      9.02214	      50.2168	      24.0269	      107.787	     0.105348	        7525.7
	      351.106	      115.859	      165.711	      53.7881	      31.7338	      94.1059	      27.2004	      49.9611	      54.5009	     0.171977	       7525.99
	      342.811	      115.503	      165.711	      87.1303	      36.3929	      39.6825	      30.2024	      49.9047	      89.1868	     0.243264	       7522.99
	      317.461	      115.003	      165.711	      124.809	      30.5539	      28.0768	       40.766	      23.0948	      80.4791	   0.00164456	       7524.35
	      325.203	      115.003	      165.711	      83.3708	      12.4325	      98.0849	      70.7223	       32.187	      33.5259	    0.0663761	       7524.14
	      363.019	      115.003	      165.711	      62.1359	       20.843	      104.295	      82.5881	      7.07837	      50.1122	     0.028936	       7524.38
	      357.803	      115.939	      164.236	      72.7333	      67.5684	      82.7375	      62.6256	      11.4108	      35.9923	    0.0382675	       7523.56
	      368.003	      115.939	      164.236	      52.8072	       38.633	      80.7102	      93.6661	      23.2645	      47.9966	    0.0119732	       7523.68
	      325.411	        115.1	      164.236	      22.2367	      25.4466	      70.3609	      112.551	      73.2849	      35.1383	     0.056069	       7525.73
	      412.949	      114.378	      164.236	      14.2263	      48.8262	      47.2114	       55.615	      103.419	      49.0948	    0.0587828	       7526.81
	      342.265	      116.189	      164.236	      81.8147	      46.9911	      41.9217	      58.8839	      98.8422	       9.4337	     0.175436	       7523.38
	      342.378	      116.189	      163.794	      90.1861	      51.5472	      17.4153	      36.3133	      119.324	       16.994	     0.200745	       7523.71
	      442.431	      112.705	      163.794	      142.156	       56.036	      68.6272	      27.0199	      35.4116	      7.64598	      0.58648	       7526.45
	      484.808	      112.705	      163.794	      100.694	      125.061	      44.9658	      33.0611	       16.029	      12.2434	       0.2173	        7523.6
	      430.049	      114.578	      163.794	      40.2903	      75.4821	      128.765	      16.9351	      44.5099	      33.2346	     0.166018	       7524.63
	      461.895	      114.578	      163.794	      15.1668	      61.9192	      144.614	      18.4548	       75.857	      4.62601	    0.0877823	       7524.99
	      352.411	      115.584	      163.747	      44.0305	      36.2955	      87.2592	      61.2764	       101.89	       10.014	     0.162541	       7524.86
	       328.58	      115.584	      163.747	      92.0478	      26.6016	      40.0029	      101.658	      76.0481	      4.59047	     0.216154	       7525.95
	      345.596	      115.584	      166.125	      87.5537	      32.5728	      17.5721	      97.9519	      71.9757	      21.0969	     0.029079	       7523.52
	      356.779	      115.584	      166.125	      80.5754	      126.404	      14.6992	       29.801	      39.5023	      38.1731	    0.0185064	       7524.53
	      370.865	      111.726	      168.797	      75.9555	      122.982	       50.752	      3.02504	      11.2266	      45.8131	   0.00220483	       7527.34
	      463.715	      111.726	      168.797	      19.6988	      146.396	       11.082	      68.5582	      25.0587	      44.3325	    0.0839345	        7526.2
	      464.492	      129.624	      148.328	      24.7839	      92.9298	      42.5738	      24.4485	      65.5531	      80.1444	     0.155543	       7525.47